367
311
733
246
228
861
339
591
141
166
813
723
98
221
1
46
637
995
524
7
822
219
522
699
601
40
913
279
227
980
986
602
678
242
654
560
671
360
7
506
679
924
831
28
682
577
62
381
849
784
942
643
931
59
693
669
503
300
50
889
869
205
850
843
588
65
12
659
467
22
125
363
508
74
317
743
67
994
782
189
705
652
220
496
983
587
175
861
469
35
46
651
5
317
14
269
723
605
157
752
583
775
448
687
978
997
715
888
586
361
435
728
3
873
855
664
462
436
388
881
267
496
345
770
625
524
71
75
144
185
528
961
124
184
950
305
782
118
53
12
343
391
163
573
330
507
945
337
387
842
199
497
709
393
675
598
455
352
639
36
144
68
282
730
76
800
509
777
210
529
191
953
4
484
646
525
346
6
815
631
279
9
109
926
722
936
239
889
394
638
210
797
463
155
285
318
463
922
4
938
757
322
28
853
63
332
817
444
928
7
349
591
333
649
348
972
340
810
355
321
537
451
935
941
607
422
731
522
93
54
67
533
701
664
510
818
216
317
632
954
861
921
822
761
132
374
312
855
607
126
646
654
606
273
656
812
185
328
707
29
731
934
723
299
485
127
125
316
906
4
18
560
173
383
774
775
254
558
195
426
633
509
88
594
753
0
412
797
428
990
649
754
26
883
31
423
835
555
511
182
381
357
184
241
631
956
107
474
934
742
872
164
243
371
718
465
10
752
205
590
192
385
296
229
793
923
518
632
658
104
76
243
923
9
220
544
311
358
106
860
609
46
438
395
399
525
287
871
101
859
738
536
223
804
564
781
36
821
431
921
601
328
867
933
751
804
740
137
800
493
506
246
665
919
494
376
55
796
780
467
96
168
798
812
725
748
709
82
296
466
319
949
725
203
970
708
222
397
626
695
314
255
542
96
35
192
951
912
920
788
849
548
57
769
60
887
274
547
5
963
287
853
541
63
277
551
213
525
544
658
401
848
58
689
817
403
279
914
457
941
211
895
625
314
59
900
676
567
806
827
375
374
607
452
853
38
751
579
271
375
410
787
231
91
160
446
903
53
221
945
690
744
41
281
464
770
342
309
864
564
231
60
100
555
278
478
128
407
517
919
510
536
582
59
239
590
358
940
717
540
624
369
930
658
394
969
689
825
698
850
67
526
74
216
156
912
87
289
936
650
620
290
366
600
586
363
214
271
647
103
489
525
360
109
623
922
856
108
721
500
62
275
951
157
47
299
483
465
616
933
981
709
596
113
301
606
743
987
52
454
49
295
551
886
311
439
800
629
68
542
158
658
617
116
570
281
566
334
165
142
120
795
136
77
682
567
636
573
935
861
170
822
182
343
530
85
546
104
412
804
835
961
595
771
778
918
379
284
24
871
133
671
430
17
879
194
286
818
15
762
598
560
815
991
236
135
123
825
756
266
702
894
481
767
687
191
903
112
641
938
855
248
461
317
180
464
135
898
404
573
81
226
116
132
275
437
215
486
585
199
922
334
512
749
265
856
782
608
113
928
762
935
457
584
279
653
779
743
958
30
45
854
609
282
788
933
61
329
780
11
697
764
636
535
710
380
159
464
685
627
334
97
136
66
998
808
384
182
937
257
886
175
161
683
750
95
144
970
755
376
688
55
0
987
686
871
218
839
429
810
938
231
553
487
579
883
178
950
941
513
408
529
944
849
893
740
424
576
104
175
73
409
786
927
357
728
278
315
6
417
793
729
937
891
294
956
150
223
40
2
823
641
980
135
333
58
729
422
194
793
98
494
460
271
87
777
597
188
650
193
208
998
446
447
830
27
883
967
340
715
622
791
849
825
459
868
411
1
332
371
242
667
454
443
876
942
480
420
490
24
67
833
267
106
663
417
211
287
324
662
644
657
637
473
756
206
56
923
281
557
466
836
564
553
43
433
348
833
887
847
695
932
423
370
76
87
396
248
114
15
213
284
216
949
63
137
307
477
454
441
887
920
466
428
100
735
679
729
194
696
462
150
248
620
552
377
372
990
916
879
564
158
45
190
167
605
124
119
755
511
833
678
413
45
836
467
994
53
127
746
153
223
804
851
864
77
952
408
602
190
879
548
318
363
714
4
910
764
65